air1:0.5000,0.5000,1.0000,1.0000,0.5000,0.5000,0.5000,0.5000,0.5000,0.5000,1.0000
air2:0.5000,0.5000,1.0000,1.0000,1.0000,0.5000,0.5000,0.5000,0.5000,1.0000
air3:0.5000,0.5000,1.0000,1.0000,1.0000,0.5000,0.5000,0.5000,0.5000,1.0000
apex:1.0000,1.0000
attack1:0.5000,0.5000,1.0000,1.0000,0.5000,0.5000,0.5000,0.5000,0.5000,0.5000,1.0000
attack2:0.5000,0.5000,1.0000,1.0000,1.0000,0.5000,0.5000,0.5000,0.5000,0.5000,0.5000,1.0000
attack3:0.5000,0.5000,1.0000,1.0000,1.0000,0.5000,0.5000,0.5000,0.5000,0.5000,0.5000,1.0000
broken:0.5000,0.5000,0.5000,0.5000,0.5000,0.5000
death:0.5000,0.5000,0.5000,0.5000,0.5000,0.5000,0.5000,0.5000,1.0000,1.0000
fall:1.0000,1.0000,1.0000,1.0000
finisher:1.0000,1.0000,1.0000,0.5000,0.5000,0.5000,0.5000,1.0000,1.0000,1.0000,1.0000,1.0000,1.0000,1.0000,0.5000,0.5000,0.5000,0.5000,0.5000,0.5000,1.0000
heal:0.5000,0.5000,0.5000,0.5000,0.5000,0.5000,0.5000,0.5000,0.5000,0.5000,1.0000
hurt:0.5000,0.5000,0.5000,0.5000,1.0000
idle:0.6667,0.6667,0.6667,0.6667,0.6667,0.6667,0.6667,0.6667,0.6667,0.6667,0.6667,0.6667
jump:1.0000,1.0000,1.0000,1.0000,1.0000
land:1.0000,1.0000,1.0000,1.0000
parry:1.0000,1.0000,1.0000,0.5000,0.5000,0.3333,0.3333,0.3333,1.0000
parrycounter:1.0000,1.0000,0.5000,0.5000,0.5000,0.5000,0.5000,0.5000,1.0000
rest:0.5000,0.5000,0.5000,0.5000
roll:0.5000,0.5000,0.6250,0.6250,0.6250,0.6250,0.6250,0.6250,0.6250,0.6250,0.5000,0.5000
run:0.6667,0.6667,0.6667,0.6667,0.6667,0.6667,0.6667,0.6667,0.6667,0.6667,0.6667,0.6667
sit:1.0000,1.0000,1.0000,1.0000,1.0000
sitidle:1.0000,1.0000,1.0000,1.0000,1.0000,1.0000,1.0000,1.0000
standup:1.0000,1.0000,1.0000,1.0000,1.0000
wake:0.5000,0.5000,0.5000,0.5000,0.5000,0.5000,0.5000,0.5000,0.5000,0.5000,0.5000,0.5000,0.5000,0.5000,0.5000,0.5000,1.0000
